0	6
2	6
3	599
5	6
8	6
10	6
12	91
14	21
15	21
17	21
18	21
23	3
25	91
27	3
30	66
33	91
39	194
72	3
74	406
77	406
79	66
82	630
83	406
89	599
93	1
96	15
97	55
102	276
110	66
113	194
114	276
115	1
121	15
123	1
127	325
128	325
129	325
130	325
131	599
137	118
140	406
141	6
150	6
152	6
153	6
158	210
159	210
170	45
179	1
181	325
183	276
186	10
190	1
195	276
197	1
199	15
209	36
218	15
223	15
237	91
238	194
247	21
249	1
252	599
255	45
257	1
259	630
264	3
272	3
273	3
275	190
279	599
291	630
296	381
299	1
304	3
306	3
307	528
310	528
313	1
321	91
322	91
323	91
324	91
325	91
326	91
327	91
328	91
329	91
330	91
331	1
337	1
342	325
347	45
358	10
364	36
369	630
371	45
374	630
378	630
381	630
388	45
389	45
393	861
394	861
395	861
396	861
397	861
398	861
399	861
402	861
403	861
404	861
405	861
406	861
407	861
409	861
415	246
416	246
420	28
426	276
438	3
441	6
446	6
463	66
469	190
475	136
477	630
483	381
485	276
496	136
507	91
511	190
514	190
515	6
516	190
517	66
519	190
521	190
531	36
535	1037
538	15
547	45
550	66
551	15
552	15
553	15
554	1
559	1052
561	246
562	246
563	246
566	55
568	66
572	6
573	6
574	599
575	6
587	3
589	3
590	3
599	1
601	91
610	358
612	1
614	1
615	1
617	1
618	1
621	15
631	630
632	630
634	630
639	28
640	21
641	28
642	28
645	15
647	28
657	276
678	325
681	325
684	325
685	861
686	861
687	325
688	325
689	6
690	325
691	325
692	325
693	325
694	325
695	325
696	325
697	325
698	1137
699	325
701	325
706	3
708	276
709	36
710	276
717	91
718	15
721	91
723	91
724	91
727	358
730	91
746	1
751	861
752	861
753	861
756	1
758	1
759	1
760	1
763	1052
764	1052
765	1052
766	1037
767	21
768	1037
770	1037
771	1052
772	1037
781	630
783	276
794	276
797	276
799	276
800	276
813	3
822	406
823	406
824	406
825	406
826	406
827	406
828	406
829	406
830	406
831	406
832	406
833	406
834	406
835	933
837	406
838	406
840	6
850	528
851	528
853	528
854	528
855	190
858	1
860	1
861	190
862	190
871	325
872	1
882	3
883	3
884	246
885	246
886	246
902	381
913	190
919	15
920	15
921	15
922	528
924	528
925	528
936	136
937	136
939	136
941	1
942	136
944	136
945	136
946	961
949	28
950	961
958	136
966	599
971	3
974	10
975	528
977	528
978	528
979	528
980	528
986	630
990	3
993	3
994	3
995	3
1002	3
1009	10
1010	10
1011	10
1013	136
1014	136
1015	136
1016	136
1018	136
1019	136
1020	136
1021	136
1022	136
1023	136
1025	136
1026	136
1032	190
1033	190
1036	91
1037	15
1038	190
1043	6
1048	136
1059	325
1060	325
1062	325
1069	630
1070	1
1073	1
1081	91
1102	55
1105	1
1106	10
1107	1
1112	10
1113	66
1115	246
1131	45
1135	1
1136	1
1137	10
1140	10
1141	10
1142	10
1143	10
1144	1
1146	15
1150	15
1151	6
1153	276
1156	91
1158	28
1159	10
1160	6
1161	136
1165	136
1167	599
1177	136
1199	36
1200	36
1201	3
1204	325
1207	91
1208	91
1209	15
1214	203
1236	15
1238	15
1239	933
1240	15
1241	15
1242	15
1243	15
1244	15
1250	6
1254	3
1264	325
1266	325
1267	325
1268	10
1271	36
1277	15
1278	66
1279	1
1281	1
1284	66
1294	91
1295	91
1298	599
1323	105
1325	358
1327	105
1328	358
1334	55
1337	15
1363	21
1370	190
1404	10
1422	3
1424	3
1425	190
1431	91
1439	28
1443	91
1448	3
1452	45
1453	45
1454	45
1475	246
1479	36
1482	630
1483	6
1493	325
1497	6
1499	961
1500	276
1529	66
1537	246
1539	55
1544	105
1545	105
1546	105
1547	6
1551	6
1552	6
1553	6
1556	6
1567	21
1569	21
1573	528
1577	3
1580	3
1583	630
1592	10
1593	630
1594	28
1595	28
1610	1
1616	10
1618	87
1623	3
1634	91
1636	36
1638	1
1641	630
1644	528
1645	528
1646	528
1647	528
1649	528
1650	599
1652	599
1653	599
1654	599
1672	66
1682	630
1683	630
1684	630
1686	36
1690	599
1693	406
1707	6
1710	6
1719	1
1725	10
1729	1
1731	528
1732	28
1733	28
1739	10
1740	10
1750	6
1758	599
1767	36
1770	6
1771	10
1772	599
1774	3
1776	325
1781	66
1782	66
1800	276
1807	91
1810	630
1812	91
1815	36
1816	3
1818	15
1821	6
1822	3
1823	6
1826	6
1827	6
1846	406
1853	45
1855	120
1879	36
1885	630
1887	15
1892	194
1893	118
1894	861
1896	861
1906	630
1911	45
1915	406
1917	406
1918	406
1919	406
1921	406
1922	406
1925	3
1928	3
1943	10
1955	28
1964	1
1966	1
1967	630
1970	15
1971	3
1972	6
1974	6
1977	6
1984	10
1986	10
1989	36
1991	36
1995	630
1996	36
1999	3
2000	3
2001	630
2010	861
2018	10
2031	630
2032	36
2068	1
2080	1
2092	406
2095	190
2096	91
2097	91
2109	1
2110	1
2111	1
2128	190
2129	276
2133	45
2138	3
2140	91
2148	91
2162	630
2184	1
2191	66
2198	1
2220	10
2233	961
2237	3
2238	45
2240	45
2241	45
2242	1
2252	325
2267	6
2268	1
2270	630
2281	406
2282	406
2284	15
2285	15
2286	15
2288	15
2289	15
2296	194
2297	1
2302	91
2304	36
2311	1
2317	6
2318	6
2326	15
2328	3
2341	961
2342	21
2348	3
2354	36
2356	428
2364	91
2369	15
2376	528
2380	6
2384	15
2385	428
2389	1
2391	630
2392	3
2393	3
2402	1037
2403	961
2406	630
2420	1
2421	1
2422	1
2430	10
2435	6
2439	113
2448	406
2453	45
2468	66
2469	190
2479	87
2488	630
2496	15
2506	1
2507	276
2516	599
2521	36
2524	15
2525	6
2528	6
2534	66
2537	406
2554	528
2566	15
2568	410
2570	410
2576	406
2577	276
2581	28
2592	36
2597	6
2598	1
2604	325
2606	1
2612	10
2613	10
2615	190
2616	66
2621	6
2630	3
2631	3
2636	3
2647	194
2648	599
2653	3
2655	15
2661	15
2669	325
2681	45
2684	961
2690	190
2691	190
2719	1
2743	190
2748	28
2750	190
2755	1
2756	1
2762	3
2765	6
2769	15
2772	599
2793	276
2811	113
2812	1
2814	630
2818	15
2839	276
2845	406
2852	28
2859	36
2860	1
2862	3
2863	630
2881	276
2892	113
2905	1
2906	1
2907	528
2929	3
2932	1
2933	113
2943	113
2945	10
2955	36
2959	36
2972	194
2979	528
2983	66
2984	276
2989	36
2999	1
3002	91
3031	528
3032	1
3044	10
3060	91
3068	10
3084	599
3123	1
3124	3
3134	3
3135	528
3136	21
3138	528
3139	528
3142	1
3150	961
3156	91
3160	6
3163	113
3177	21
3179	21
3186	91
3187	6
3188	6
3192	36
3193	36
3194	36
3198	15
3199	406
3206	1
3212	406
3214	933
3215	406
3224	10
3227	66
3229	91
3230	528
3233	6
3242	45
3252	194
3253	55
3262	15
3266	113
3271	10
3272	190
3338	55
3340	36
3356	6
3369	136
3373	28
3375	45
3379	1
3380	1
3384	961
3387	528
3395	55
3399	15
3411	6
3418	66
3428	36
3431	28
3486	1
3487	36
3492	21
3494	10
3495	10
3505	1
3512	190
3513	3
3537	66
3538	66
3545	21
3554	276
3561	55
3562	66
3563	66
3569	10
3599	66
3604	3
3605	36
3611	66
3612	3
3618	630
3624	10
3632	113
3638	45
3650	630
3656	28
3663	66
3664	190
